x_path: [1.60672211647, -1.08616387844 ,  -1.54665756226  , 1.07615303993, 1.60672211647]

y_path: [1.08122837543 , 1.53174066544 , -1.14129662514 , -1.62184298038, 1.08122837543]

theta: [90 , 180 , 270  , 0.0, 0.0]